2918
2484
2022
2419
3650
3415
2500
2610
4844
4075
4321
4798
4715
3054
4507
5195
5895
3187
4627
4566
3083
2750
3002
3717
4533
3175
4890
5119
4167
1088
2149
3794
2740
3050
4528
4350
3230
4852
4897
3630
8091
7937
8201
7314
8167
8848
7570
7294
7952
7694
7893
6638
7756
8586
7554
5971
8516
6993
8462
8156
7181
7756
7816
8125
7161
7070
8013
6543
7506
6550
7403
7485
7349
7690
7285
7288
8047
7257
7885
8068
8035
7952
7925
7321
7409
8611
7468
7760
7852
6986
6096
7458
7821
6025
7273
7476
7788
7742
7050
7422
7420
6350
7403
7485
7349
7690
7388
2675
5137
2744
4506
5604
2565
3143
7556
1950
3416
5881
1864
7134
7496
3952
5033
6740
4750
7719
2911
487
2875
2954
3776
3805
4093
7546
7485
2850
7439
2534
3088
2243
1965
3760
2727
4193
4024
4206
3699
4049
3934
4153
3664
4164
3451
2997
3630
4356
4013
4171
3257
3210
4545
4634
3970
4049
4274
3135
4061
4314
4208
3797
2938
4158
3418
3883
2135
4010
4042
4294
4527
4477
4101
4808
4748
4248
3199
4634
3751
4327
1407
3822
4609
4063
3902
4632
3946
2129
3402
1797
4199
3905
2502
2563
2076
4078
4554
4190
3239
3620
1610
2864
1973
4506
4017
3701
3248
3774
3243
4221
2964
4563
2912
1628
2376
2694
2238
1913
1831
1026
2017
2764
2601
2540
2656
2925
2919
1894
1926
2460
2747
2640
2193
2915
1496
1422
2655
2544
2061
1014
5642
5205
5201
5152
5059
5033
4710
4485
1952
3404
3479
1993
1491
2110
1448
2111
2000
1920
1833
1765
1682
1675
1666
1540
1538
1038
814
850
749
952
1010
2469
1328
2097
171
3700
1324
1317
1280
1240
1239
1180
1150
1144
1130
1100
365
5
2469
2465
2380
2380
2373
2369
2368
2364
2364
2
2097
2097
2010
2076
2010
2043
2010
2010
2010
2010
2005
2002
1344
893
636
517
978
850
886
621
906
1085
1142
3263
1493
1909
1270
1378
1214
5959
5489
5226
5173
4850
4813
4671
4557
4507
4289
4240
4196
4019
3959
3928
3741
3413
3731
3664
3617
3616
3609
3567
3555
3540
3520
3519
3516
3498
3493
3491
3470
3433
3417
3413
3412
3411
3399
3394
3377
3373
3363
3361
3361
3360
3360
3342
3316
3315
3313
3313
3312
3312
3298
3295
3294
3275
3274
3242
3236
3234
3225
3208
3205
3201
3200
3185
3183
3182
3181
3176
3162
3150
3138
3132
3126
3120
3099
3098
3094
3094
3090
3089
3086
3085
3063
3063
3053
3050
3045
3044
3038
3037
3035
3033
3032
3024
3021
3018
3008
3002
2680
2675
2385
2284
2195
2182
1219
1652
1050
1675
3694
4282
3860
3860
